{
 "cells": [
  {
   "cell_type": "code",
   "execution_count": 9,
   "metadata": {
    "collapsed": true
   },
   "outputs": [
    {
     "name": "stdout",
     "output_type": "stream",
     "text": [
      "Collecting https://github.com/explosion/spacy-models/releases/download/en_core_web_sm-2.2.0/en_core_web_sm-2.2.0.tar.gz\n",
      "  Downloading https://github.com/explosion/spacy-models/releases/download/en_core_web_sm-2.2.0/en_core_web_sm-2.2.0.tar.gz (12.0 MB)\n",
      "Requirement already satisfied (use --upgrade to upgrade): en-core-web-sm==2.2.0 from https://github.com/explosion/spacy-models/releases/download/en_core_web_sm-2.2.0/en_core_web_sm-2.2.0.tar.gz in c:\\users\\user\\miniconda3\\lib\\site-packages\n",
      "Requirement already satisfied: spacy>=2.2.0 in c:\\users\\user\\miniconda3\\lib\\site-packages (from en-core-web-sm==2.2.0) (2.2.3)\n",
      "Requirement already satisfied: blis<0.5.0,>=0.4.0 in c:\\users\\user\\miniconda3\\lib\\site-packages (from spacy>=2.2.0->en-core-web-sm==2.2.0) (0.4.1)\n",
      "Requirement already satisfied: requests<3.0.0,>=2.13.0 in c:\\users\\user\\miniconda3\\lib\\site-packages (from spacy>=2.2.0->en-core-web-sm==2.2.0) (2.21.0)\n",
      "Requirement already satisfied: setuptools in c:\\users\\user\\miniconda3\\lib\\site-packages (from spacy>=2.2.0->en-core-web-sm==2.2.0) (41.0.0)\n",
      "Requirement already satisfied: plac<1.2.0,>=0.9.6 in c:\\users\\user\\miniconda3\\lib\\site-packages (from spacy>=2.2.0->en-core-web-sm==2.2.0) (1.1.3)\n",
      "Requirement already satisfied: cymem<2.1.0,>=2.0.2 in c:\\users\\user\\miniconda3\\lib\\site-packages (from spacy>=2.2.0->en-core-web-sm==2.2.0) (2.0.3)\n",
      "Requirement already satisfied: preshed<3.1.0,>=3.0.2 in c:\\users\\user\\miniconda3\\lib\\site-packages (from spacy>=2.2.0->en-core-web-sm==2.2.0) (3.0.2)\n",
      "Requirement already satisfied: catalogue<1.1.0,>=0.0.7 in c:\\users\\user\\miniconda3\\lib\\site-packages (from spacy>=2.2.0->en-core-web-sm==2.2.0) (1.0.0)\n",
      "Requirement already satisfied: wasabi<1.1.0,>=0.4.0 in c:\\users\\user\\miniconda3\\lib\\site-packages (from spacy>=2.2.0->en-core-web-sm==2.2.0) (0.6.0)\n",
      "Requirement already satisfied: numpy>=1.15.0 in c:\\users\\user\\miniconda3\\lib\\site-packages (from spacy>=2.2.0->en-core-web-sm==2.2.0) (1.16.4)\n",
      "Requirement already satisfied: srsly<1.1.0,>=0.1.0 in c:\\users\\user\\miniconda3\\lib\\site-packages (from spacy>=2.2.0->en-core-web-sm==2.2.0) (1.0.1)\n",
      "Requirement already satisfied: murmurhash<1.1.0,>=0.28.0 in c:\\users\\user\\miniconda3\\lib\\site-packages (from spacy>=2.2.0->en-core-web-sm==2.2.0) (1.0.2)\n",
      "Requirement already satisfied: thinc<7.4.0,>=7.3.0 in c:\\users\\user\\miniconda3\\lib\\site-packages (from spacy>=2.2.0->en-core-web-sm==2.2.0) (7.3.1)\n",
      "Requirement already satisfied: idna<2.9,>=2.5 in c:\\users\\user\\miniconda3\\lib\\site-packages (from requests<3.0.0,>=2.13.0->spacy>=2.2.0->en-core-web-sm==2.2.0) (2.8)\n",
      "Requirement already satisfied: chardet<3.1.0,>=3.0.2 in c:\\users\\user\\miniconda3\\lib\\site-packages (from requests<3.0.0,>=2.13.0->spacy>=2.2.0->en-core-web-sm==2.2.0) (3.0.4)\n",
      "Requirement already satisfied: urllib3<1.25,>=1.21.1 in c:\\users\\user\\miniconda3\\lib\\site-packages (from requests<3.0.0,>=2.13.0->spacy>=2.2.0->en-core-web-sm==2.2.0) (1.24.1)\n",
      "Requirement already satisfied: certifi>=2017.4.17 in c:\\users\\user\\miniconda3\\lib\\site-packages (from requests<3.0.0,>=2.13.0->spacy>=2.2.0->en-core-web-sm==2.2.0) (2019.3.9)\n",
      "Requirement already satisfied: importlib-metadata>=0.20; python_version < \"3.8\" in c:\\users\\user\\miniconda3\\lib\\site-packages (from catalogue<1.1.0,>=0.0.7->spacy>=2.2.0->en-core-web-sm==2.2.0) (1.5.0)\n",
      "Requirement already satisfied: tqdm<5.0.0,>=4.10.0 in c:\\users\\user\\miniconda3\\lib\\site-packages (from thinc<7.4.0,>=7.3.0->spacy>=2.2.0->en-core-web-sm==2.2.0) (4.42.1)\n",
      "Requirement already satisfied: zipp>=0.5 in c:\\users\\user\\miniconda3\\lib\\site-packages (from importlib-metadata>=0.20; python_version < \"3.8\"->catalogue<1.1.0,>=0.0.7->spacy>=2.2.0->en-core-web-sm==2.2.0) (2.2.0)\n",
      "Building wheels for collected packages: en-core-web-sm\n",
      "  Building wheel for en-core-web-sm (setup.py): started\n",
      "  Building wheel for en-core-web-sm (setup.py): finished with status 'done'\n",
      "  Created wheel for en-core-web-sm: filename=en_core_web_sm-2.2.0-py3-none-any.whl size=12019128 sha256=cbc85760ab7c0917ae893dca4da637849b17b871d36440bdc095b06ed1312963\n",
      "  Stored in directory: c:\\users\\user\\appdata\\local\\pip\\cache\\wheels\\64\\69\\41\\6f820cf1d7488a0381a2059f66ec9f8f23116f7c67d18f3d8d\n",
      "Successfully built en-core-web-sm\n",
      "Note: you may need to restart the kernel to use updated packages.\n"
     ]
    }
   ],
   "source": [
    "pip install https://github.com/explosion/spacy-models/releases/download/en_core_web_sm-2.2.0/en_core_web_sm-2.2.0.tar.gz"
   ]
  },
  {
   "cell_type": "code",
   "execution_count": 311,
   "metadata": {
    "collapsed": true
   },
   "outputs": [
    {
     "name": "stdout",
     "output_type": "stream",
     "text": [
      "Requirement already satisfied: spacy in c:\\users\\user\\miniconda3\\lib\\site-packages (2.2.3)\n",
      "Requirement already satisfied: setuptools in c:\\users\\user\\miniconda3\\lib\\site-packages (from spacy) (41.0.0)\n",
      "Requirement already satisfied: plac<1.2.0,>=0.9.6 in c:\\users\\user\\miniconda3\\lib\\site-packages (from spacy) (1.1.3)\n",
      "Requirement already satisfied: catalogue<1.1.0,>=0.0.7 in c:\\users\\user\\miniconda3\\lib\\site-packages (from spacy) (1.0.0)\n",
      "Requirement already satisfied: requests<3.0.0,>=2.13.0 in c:\\users\\user\\miniconda3\\lib\\site-packages (from spacy) (2.21.0)\n",
      "Requirement already satisfied: wasabi<1.1.0,>=0.4.0 in c:\\users\\user\\miniconda3\\lib\\site-packages (from spacy) (0.6.0)\n",
      "Requirement already satisfied: murmurhash<1.1.0,>=0.28.0 in c:\\users\\user\\miniconda3\\lib\\site-packages (from spacy) (1.0.2)\n",
      "Requirement already satisfied: numpy>=1.15.0 in c:\\users\\user\\miniconda3\\lib\\site-packages (from spacy) (1.16.4)\n",
      "Requirement already satisfied: srsly<1.1.0,>=0.1.0 in c:\\users\\user\\miniconda3\\lib\\site-packages (from spacy) (1.0.1)\n",
      "Requirement already satisfied: cymem<2.1.0,>=2.0.2 in c:\\users\\user\\miniconda3\\lib\\site-packages (from spacy) (2.0.3)\n",
      "Requirement already satisfied: preshed<3.1.0,>=3.0.2 in c:\\users\\user\\miniconda3\\lib\\site-packages (from spacy) (3.0.2)\n",
      "Requirement already satisfied: blis<0.5.0,>=0.4.0 in c:\\users\\user\\miniconda3\\lib\\site-packages (from spacy) (0.4.1)\n",
      "Requirement already satisfied: thinc<7.4.0,>=7.3.0 in c:\\users\\user\\miniconda3\\lib\\site-packages (from spacy) (7.3.1)\n",
      "Requirement already satisfied: importlib-metadata>=0.20; python_version < \"3.8\" in c:\\users\\user\\miniconda3\\lib\\site-packages (from catalogue<1.1.0,>=0.0.7->spacy) (1.5.0)\n",
      "Requirement already satisfied: certifi>=2017.4.17 in c:\\users\\user\\miniconda3\\lib\\site-packages (from requests<3.0.0,>=2.13.0->spacy) (2019.3.9)\n",
      "Requirement already satisfied: chardet<3.1.0,>=3.0.2 in c:\\users\\user\\miniconda3\\lib\\site-packages (from requests<3.0.0,>=2.13.0->spacy) (3.0.4)\n",
      "Requirement already satisfied: urllib3<1.25,>=1.21.1 in c:\\users\\user\\miniconda3\\lib\\site-packages (from requests<3.0.0,>=2.13.0->spacy) (1.24.1)\n",
      "Requirement already satisfied: idna<2.9,>=2.5 in c:\\users\\user\\miniconda3\\lib\\site-packages (from requests<3.0.0,>=2.13.0->spacy) (2.8)\n",
      "Requirement already satisfied: tqdm<5.0.0,>=4.10.0 in c:\\users\\user\\miniconda3\\lib\\site-packages (from thinc<7.4.0,>=7.3.0->spacy) (4.42.1)\n",
      "Requirement already satisfied: zipp>=0.5 in c:\\users\\user\\miniconda3\\lib\\site-packages (from importlib-metadata>=0.20; python_version < \"3.8\"->catalogue<1.1.0,>=0.0.7->spacy) (2.2.0)\n",
      "Note: you may need to restart the kernel to use updated packages.\n"
     ]
    }
   ],
   "source": [
    "pip install spacy"
   ]
  },
  {
   "cell_type": "code",
   "execution_count": 7,
   "metadata": {},
   "outputs": [
    {
     "name": "stdout",
     "output_type": "stream",
     "text": [
      "Collecting pyspellchecker\n",
      "  Using cached pyspellchecker-0.5.4-py2.py3-none-any.whl (1.9 MB)\n",
      "Installing collected packages: pyspellchecker\n",
      "Successfully installed pyspellchecker-0.5.4\n",
      "Note: you may need to restart the kernel to use updated packages.\n"
     ]
    },
    {
     "name": "stderr",
     "output_type": "stream",
     "text": [
      "WARNING: You are using pip version 20.0.2; however, version 20.1 is available.\n",
      "You should consider upgrading via the 'C:\\Users\\User\\Miniconda3\\python.exe -m pip install --upgrade pip' command.\n"
     ]
    }
   ],
   "source": [
    "pip install pyspellchecker"
   ]
  },
  {
   "cell_type": "code",
   "execution_count": 1,
   "metadata": {},
   "outputs": [],
   "source": [
    "import pandas as pd\n",
    "import numpy as np\n",
    "import string\n",
    "import re"
   ]
  },
  {
   "cell_type": "code",
   "execution_count": 8,
   "metadata": {},
   "outputs": [],
   "source": [
    "from sklearn.metrics.pairwise import cosine_similarity\n",
    "from sklearn.datasets import make_blobs\n",
    "from sklearn.cluster import KMeans\n",
    "from sklearn.metrics import silhouette_score\n",
    "from sklearn.manifold import MDS, TSNE\n",
    "\n",
    "from sklearn.decomposition import TruncatedSVD, PCA\n",
    "import matplotlib.pyplot as plt\n",
    "\n",
    "from scipy.cluster.hierarchy import dendrogram, linkage\n",
    "from matplotlib import pyplot as plt\n",
    "from scipy.cluster.hierarchy import cophenet\n",
    "from scipy.spatial.distance import pdist\n",
    "from scipy.cluster.hierarchy import fcluster\n",
    "\n",
    "import matplotlib.lines as mlines"
   ]
  },
  {
   "cell_type": "code",
   "execution_count": 47,
   "metadata": {},
   "outputs": [],
   "source": [
    "import nltk\n",
    "from nltk.corpus import stopwords\n",
    "\n",
    "from sklearn.feature_extraction.text import TfidfVectorizer\n",
    "from nltk.tokenize import RegexpTokenizer\n",
    "from nltk.stem.porter import PorterStemmer\n",
    "from nltk.stem import WordNetLemmatizer \n",
    "\n",
    "lemmatizer = WordNetLemmatizer() \n",
    "stemmer = PorterStemmer()\n",
    "\n",
    "from spellchecker import SpellChecker\n",
    "import spacy"
   ]
  },
  {
   "cell_type": "code",
   "execution_count": 48,
   "metadata": {},
   "outputs": [],
   "source": [
    "import pickle\n",
    "\n",
    "def save(obj, filename):\n",
    "    with open(filename, 'wb') as output:  # Overwrites any existing file.\n",
    "        pickle.dump(obj, output, pickle.HIGHEST_PROTOCOL)\n",
    "    return 1\n",
    "\n",
    "##-- Load obj from file    \n",
    "def load(filename):\n",
    "    with open(filename, 'rb') as input: \n",
    "        obj = pickle.load(input)\n",
    "    return obj   "
   ]
  },
  {
   "cell_type": "code",
   "execution_count": 49,
   "metadata": {},
   "outputs": [],
   "source": [
    "en = spacy.load('en_core_web_sm') # Dont use this since the length of some books are too long ( > 1,000,000)\n",
    "en.max_length = 3000000\n",
    "lemmatize = en.Defaults.create_lemmatizer()"
   ]
  },
  {
   "cell_type": "code",
   "execution_count": 53,
   "metadata": {},
   "outputs": [],
   "source": [
    "spell = SpellChecker(distance=1)\n",
    "def check_spelling(tokens, keep_wrong=False):\n",
    "    if keep_wrong:\n",
    "        length_original = len(tokens)\n",
    "        tokens += [\n",
    "            spell.correction(token) for token in tokens\n",
    "            if not spell.correction(token) in [\n",
    "                token for token in tokens\n",
    "            ]\n",
    "        ]\n",
    "        return tokens, len(tokens) - length_original\n",
    "\n",
    "    elif not keep_wrong:\n",
    "        corrections = [\n",
    "            (token, spell.correction(token)) for token in tokens\n",
    "            if not token == spell.correction(token)\n",
    "        ]\n",
    "        for correction in corrections:\n",
    "            tokens.remove(correction[0])\n",
    "            tokens.append(correction[1])\n",
    "\n",
    "        #return tokens, len(corrections)\n",
    "        return len(corrections)"
   ]
  },
  {
   "cell_type": "code",
   "execution_count": 54,
   "metadata": {},
   "outputs": [],
   "source": [
    "misspelled = [\"cmputr\", \"watr\", \"study\", \"wrte\"]"
   ]
  },
  {
   "cell_type": "code",
   "execution_count": 55,
   "metadata": {},
   "outputs": [
    {
     "data": {
      "text/plain": [
       "2"
      ]
     },
     "execution_count": 55,
     "metadata": {},
     "output_type": "execute_result"
    }
   ],
   "source": [
    "check_spelling(misspelled, keep_wrong=False)"
   ]
  },
  {
   "cell_type": "markdown",
   "metadata": {},
   "source": [
    "### Preprocessed data: Compare the performance of fixing the misspelled words by using only regex, lemmatization and stemming "
   ]
  },
  {
   "cell_type": "code",
   "execution_count": 23,
   "metadata": {},
   "outputs": [],
   "source": [
    "raw_data = load(\"test.pkl\") # THIS IS THE DATA SPARSED FROM HTML"
   ]
  },
  {
   "cell_type": "code",
   "execution_count": 40,
   "metadata": {},
   "outputs": [],
   "source": [
    "data_stemmer = load(\"books_stemmer.pkl\")\n",
    "data_stemmer = data_stemmer['contents'].tolist()"
   ]
  },
  {
   "cell_type": "code",
   "execution_count": 36,
   "metadata": {},
   "outputs": [],
   "source": [
    "data_lemmatization = load(\"books_lemmatization.pkl\")\n",
    "data_lemmatization = data_lemmatization['contents'].tolist()"
   ]
  },
  {
   "cell_type": "code",
   "execution_count": 37,
   "metadata": {},
   "outputs": [],
   "source": [
    "data = pd.read_pickle(\"books.pkl\")\n",
    "data = data['contents'].tolist()"
   ]
  },
  {
   "cell_type": "code",
   "execution_count": 70,
   "metadata": {},
   "outputs": [
    {
     "data": {
      "text/plain": [
       "40244"
      ]
     },
     "execution_count": 70,
     "metadata": {},
     "output_type": "execute_result"
    }
   ],
   "source": [
    "len(data_stemmer[2])"
   ]
  },
  {
   "cell_type": "code",
   "execution_count": 62,
   "metadata": {},
   "outputs": [
    {
     "data": {
      "text/plain": [
       "11257"
      ]
     },
     "execution_count": 62,
     "metadata": {},
     "output_type": "execute_result"
    }
   ],
   "source": [
    "check_spelling(data_stemmer[2])"
   ]
  },
  {
   "cell_type": "code",
   "execution_count": 72,
   "metadata": {},
   "outputs": [
    {
     "data": {
      "text/plain": [
       "27.971871583341617"
      ]
     },
     "execution_count": 72,
     "metadata": {},
     "output_type": "execute_result"
    }
   ],
   "source": [
    "(11257/40244) * 100"
   ]
  },
  {
   "cell_type": "code",
   "execution_count": 69,
   "metadata": {},
   "outputs": [
    {
     "data": {
      "text/plain": [
       "38834"
      ]
     },
     "execution_count": 69,
     "metadata": {},
     "output_type": "execute_result"
    }
   ],
   "source": [
    "len(data_lemmatization[2])"
   ]
  },
  {
   "cell_type": "code",
   "execution_count": 67,
   "metadata": {},
   "outputs": [
    {
     "data": {
      "text/plain": [
       "2901"
      ]
     },
     "execution_count": 67,
     "metadata": {},
     "output_type": "execute_result"
    }
   ],
   "source": [
    "check_spelling(data_lemmatization[2])"
   ]
  },
  {
   "cell_type": "code",
   "execution_count": 73,
   "metadata": {},
   "outputs": [
    {
     "data": {
      "text/plain": [
       "7.470258021321523"
      ]
     },
     "execution_count": 73,
     "metadata": {},
     "output_type": "execute_result"
    }
   ],
   "source": [
    "(2901/38834) * 100"
   ]
  },
  {
   "cell_type": "code",
   "execution_count": null,
   "metadata": {},
   "outputs": [],
   "source": []
  },
  {
   "cell_type": "code",
   "execution_count": 77,
   "metadata": {},
   "outputs": [
    {
     "data": {
      "text/plain": [
       "3263370"
      ]
     },
     "execution_count": 77,
     "metadata": {},
     "output_type": "execute_result"
    }
   ],
   "source": [
    "total_words_stemmer = 0\n",
    "for text in data_stemmer:\n",
    "    total_words_stemmer+=len(text)\n",
    "total_words_stemmer"
   ]
  },
  {
   "cell_type": "code",
   "execution_count": 78,
   "metadata": {},
   "outputs": [
    {
     "data": {
      "text/plain": [
       "3147401"
      ]
     },
     "execution_count": 78,
     "metadata": {},
     "output_type": "execute_result"
    }
   ],
   "source": [
    "total_words_lemmatization = 0\n",
    "for text in data_lemmatization:\n",
    "    total_words_lemmatization+=len(text)\n",
    "total_words_lemmatization"
   ]
  },
  {
   "cell_type": "code",
   "execution_count": 82,
   "metadata": {},
   "outputs": [],
   "source": [
    "def check_spell(data, data_type):\n",
    "\n",
    "    for i in range(5,15):\n",
    "        print('Process the {}th row'.format(i))\n",
    "        if not data[i]:\n",
    "            continue\n",
    "        len_correction = check_spelling(data[i])\n",
    "        n = (len_correction/len(data[i]))*100\n",
    "        print('The percentage of correction is {}'.format(n))"
   ]
  },
  {
   "cell_type": "code",
   "execution_count": 83,
   "metadata": {},
   "outputs": [
    {
     "name": "stdout",
     "output_type": "stream",
     "text": [
      "Process the 5th row\n",
      "The percentage of correction is 0.0\n",
      "Process the 6th row\n",
      "The percentage of correction is 0.0\n",
      "Process the 7th row\n",
      "The percentage of correction is 28.44761144989656\n",
      "Process the 8th row\n",
      "The percentage of correction is 26.333192812351797\n",
      "Process the 9th row\n",
      "The percentage of correction is 28.98465117547096\n",
      "Process the 10th row\n",
      "The percentage of correction is 27.347957665806078\n",
      "Process the 11th row\n",
      "The percentage of correction is 27.720778803521323\n",
      "Process the 12th row\n",
      "The percentage of correction is 29.659952944155478\n",
      "Process the 13th row\n",
      "The percentage of correction is 31.655695637621335\n",
      "Process the 14th row\n",
      "The percentage of correction is 27.543736175346872\n"
     ]
    }
   ],
   "source": [
    "check_spell(data_stemmer, 'Stemming')"
   ]
  },
  {
   "cell_type": "code",
   "execution_count": 84,
   "metadata": {},
   "outputs": [
    {
     "name": "stdout",
     "output_type": "stream",
     "text": [
      "Process the 5th row\n",
      "The percentage of correction is 23.448081264108353\n",
      "Process the 6th row\n",
      "The percentage of correction is 3.692353763226193\n",
      "Process the 7th row\n",
      "The percentage of correction is 5.872347583912376\n",
      "Process the 8th row\n",
      "The percentage of correction is 7.850467289719626\n",
      "Process the 9th row\n",
      "The percentage of correction is 4.3381713724156175\n",
      "Process the 10th row\n",
      "The percentage of correction is 4.477213228615697\n",
      "Process the 11th row\n",
      "The percentage of correction is 4.63032532268736\n",
      "Process the 12th row\n",
      "The percentage of correction is 4.6912524262262725\n",
      "Process the 13th row\n",
      "The percentage of correction is 4.782416354280659\n",
      "Process the 14th row\n",
      "The percentage of correction is 5.003929787791459\n"
     ]
    }
   ],
   "source": [
    "check_spell(data_lemmatization, 'lemmatization')"
   ]
  },
  {
   "cell_type": "code",
   "execution_count": 92,
   "metadata": {},
   "outputs": [],
   "source": [
    "def _tokenizer(text):\n",
    "    ''' Placeholder function for already tokenized inputs '''\n",
    "    return text\n",
    "\n",
    "\n",
    "def get_tfidf_model(corpus):\n",
    "    vectorizer = TfidfVectorizer(tokenizer=_tokenizer, sublinear_tf=True, lowercase=False)\n",
    "    corpus_matrix = vectorizer.fit_transform(corpus)\n",
    "    feature_names = vectorizer.get_feature_names()\n",
    "\n",
    "    return vectorizer, corpus_matrix, feature_names"
   ]
  },
  {
   "cell_type": "code",
   "execution_count": 93,
   "metadata": {},
   "outputs": [],
   "source": [
    "def tokenize_and_stem(text):\n",
    "    #initiate tokenizer and capture only English letters\n",
    "    tokenizer = RegexpTokenizer(r'[a-zA-Z]+')\n",
    "    stemmer = PorterStemmer()\n",
    "    #lower and tokenize \n",
    "    tokens = tokenizer.tokenize(text.lower())\n",
    "    stems = [stemmer.stem(t) for t in tokens]\n",
    "    return stems"
   ]
  },
  {
   "cell_type": "code",
   "execution_count": 94,
   "metadata": {},
   "outputs": [],
   "source": [
    "def tfidf(text_list,min=1,max=1.0):\n",
    "    tfidf_vectorizer = TfidfVectorizer(\n",
    "                            max_df=max, max_features=None,\n",
    "                            min_df=min, stop_words='english',\n",
    "                            use_idf=True, tokenizer=tokenize_and_stem, ngram_range=(1,3))\n",
    "    tfidf_books = tfidf_vectorizer.fit_transform(text_list) #fit the vectorizer to synopses\n",
    "    return tfidf_books"
   ]
  },
  {
   "cell_type": "markdown",
   "metadata": {},
   "source": [
    "### Test the lemmatize data by using \"text\" file"
   ]
  },
  {
   "cell_type": "code",
   "execution_count": 110,
   "metadata": {},
   "outputs": [],
   "source": [
    "doc_lemma = load('books_lemmatization.pkl')"
   ]
  },
  {
   "cell_type": "code",
   "execution_count": 111,
   "metadata": {},
   "outputs": [],
   "source": [
    "doc_lemma = doc_lemma['contents'][1:]"
   ]
  },
  {
   "cell_type": "code",
   "execution_count": 112,
   "metadata": {},
   "outputs": [],
   "source": [
    "vec, matrix, feat_names = get_tfidf_model(doc_lemma)"
   ]
  },
  {
   "cell_type": "code",
   "execution_count": 113,
   "metadata": {},
   "outputs": [
    {
     "data": {
      "text/plain": [
       "(24, 219525)"
      ]
     },
     "execution_count": 113,
     "metadata": {},
     "output_type": "execute_result"
    }
   ],
   "source": [
    "matrix.shape"
   ]
  },
  {
   "cell_type": "code",
   "execution_count": 556,
   "metadata": {},
   "outputs": [
    {
     "data": {
      "text/plain": [
       "(24, 195376)"
      ]
     },
     "execution_count": 556,
     "metadata": {},
     "output_type": "execute_result"
    }
   ],
   "source": [
    "corpus_matrix.shape"
   ]
  },
  {
   "cell_type": "code",
   "execution_count": 21,
   "metadata": {},
   "outputs": [
    {
     "data": {
      "text/plain": [
       "225824"
      ]
     },
     "execution_count": 21,
     "metadata": {},
     "output_type": "execute_result"
    }
   ],
   "source": [
    "len(feature_names)"
   ]
  },
  {
   "cell_type": "code",
   "execution_count": 114,
   "metadata": {},
   "outputs": [
    {
     "data": {
      "text/plain": [
       "(24, 24)"
      ]
     },
     "execution_count": 114,
     "metadata": {},
     "output_type": "execute_result"
    }
   ],
   "source": [
    "tf_vec_lemma = 1-cosine_similarity(matrix)\n",
    "tf_vec_lemma.shape"
   ]
  },
  {
   "cell_type": "code",
   "execution_count": 115,
   "metadata": {},
   "outputs": [
    {
     "ename": "NameError",
     "evalue": "name 'corpus_matrix' is not defined",
     "output_type": "error",
     "traceback": [
      "\u001b[1;31m---------------------------------------------------------------------------\u001b[0m",
      "\u001b[1;31mNameError\u001b[0m                                 Traceback (most recent call last)",
      "\u001b[1;32m<ipython-input-115-2a5bfc083cf7>\u001b[0m in \u001b[0;36m<module>\u001b[1;34m\u001b[0m\n\u001b[0;32m      1\u001b[0m \u001b[1;31m#\u001b[0m\u001b[1;33m\u001b[0m\u001b[1;33m\u001b[0m\u001b[1;33m\u001b[0m\u001b[0m\n\u001b[1;32m----> 2\u001b[1;33m \u001b[0mtf_vec\u001b[0m \u001b[1;33m=\u001b[0m \u001b[1;36m1\u001b[0m\u001b[1;33m-\u001b[0m\u001b[0mcosine_similarity\u001b[0m\u001b[1;33m(\u001b[0m\u001b[0mcorpus_matrix\u001b[0m\u001b[1;33m)\u001b[0m\u001b[1;33m\u001b[0m\u001b[1;33m\u001b[0m\u001b[0m\n\u001b[0m\u001b[0;32m      3\u001b[0m \u001b[0mtf_vec\u001b[0m\u001b[1;33m.\u001b[0m\u001b[0mshape\u001b[0m\u001b[1;33m\u001b[0m\u001b[1;33m\u001b[0m\u001b[0m\n",
      "\u001b[1;31mNameError\u001b[0m: name 'corpus_matrix' is not defined"
     ]
    }
   ],
   "source": [
    "# \n",
    "tf_vec = 1-cosine_similarity(corpus_matrix)\n",
    "tf_vec.shape"
   ]
  },
  {
   "cell_type": "code",
   "execution_count": 23,
   "metadata": {},
   "outputs": [
    {
     "data": {
      "text/plain": [
       "array([[ 8.21565038e-14,  8.33410464e-01,  8.33743540e-01,\n",
       "         7.71327609e-01,  8.98978497e-01,  8.22690519e-01,\n",
       "         7.61502238e-01,  8.18272821e-01,  7.63288008e-01,\n",
       "         8.19625205e-01,  8.06123293e-01,  7.85873689e-01,\n",
       "         7.96381669e-01,  8.32619076e-01,  8.15565855e-01,\n",
       "         8.11338645e-01,  8.33685679e-01,  8.15165846e-01,\n",
       "         7.84507515e-01,  8.69405046e-01,  7.78278585e-01,\n",
       "         8.53684536e-01,  7.86155848e-01,  8.27060906e-01],\n",
       "       [ 8.33410464e-01,  5.77315973e-15,  6.98472747e-01,\n",
       "         6.22888310e-01,  8.02271919e-01,  6.76507296e-01,\n",
       "         6.84833361e-01,  8.07050623e-01,  6.81083247e-01,\n",
       "         6.08985783e-01,  6.53049832e-01,  6.24697207e-01,\n",
       "         5.99780310e-01,  4.98792660e-01,  6.15522303e-01,\n",
       "         6.64445053e-01,  5.28367943e-01,  6.17124730e-01,\n",
       "         6.80564909e-01,  7.83922553e-01,  6.67235156e-01,\n",
       "         8.06135919e-01,  6.88649332e-01,  6.65707955e-01],\n",
       "       [ 8.33743540e-01,  6.98472747e-01,  3.77475828e-15,\n",
       "         7.03535713e-01,  8.18523913e-01,  7.00196937e-01,\n",
       "         7.43389231e-01,  7.72819116e-01,  7.21788185e-01,\n",
       "         6.52407765e-01,  4.83098915e-01,  7.03013067e-01,\n",
       "         6.91372980e-01,  6.73431218e-01,  6.68611779e-01,\n",
       "         7.06507358e-01,  7.21959445e-01,  6.39179902e-01,\n",
       "         7.02703624e-01,  8.34156786e-01,  7.31881265e-01,\n",
       "         8.99666153e-01,  7.52034447e-01,  6.97665896e-01],\n",
       "       [ 7.71327609e-01,  6.22888310e-01,  7.03535713e-01,\n",
       "         2.66453526e-15,  8.09518359e-01,  6.62917248e-01,\n",
       "         5.14489287e-01,  7.73381180e-01,  6.44122105e-01,\n",
       "         6.46419634e-01,  6.44831173e-01,  4.87393396e-01,\n",
       "         4.54872416e-01,  6.05822778e-01,  6.37235620e-01,\n",
       "         6.47750318e-01,  6.27485325e-01,  6.54176649e-01,\n",
       "         6.31206157e-01,  7.80977029e-01,  5.14250721e-01,\n",
       "         8.20702865e-01,  5.33411418e-01,  6.59419357e-01],\n",
       "       [ 8.98978497e-01,  8.02271919e-01,  8.18523913e-01,\n",
       "         8.09518359e-01, -1.33226763e-15,  8.18990522e-01,\n",
       "         8.42783758e-01,  8.79340993e-01,  8.28561800e-01,\n",
       "         7.45603379e-01,  8.10192611e-01,  8.21252850e-01,\n",
       "         8.13364675e-01,  7.86082536e-01,  7.17482801e-01,\n",
       "         8.22920518e-01,  8.15288091e-01,  7.66443763e-01,\n",
       "         8.17497077e-01,  8.85708227e-01,  8.36913694e-01,\n",
       "         9.29626170e-01,  8.49048244e-01,  8.13562071e-01],\n",
       "       [ 8.22690519e-01,  6.76507296e-01,  7.00196937e-01,\n",
       "         6.62917248e-01,  8.18990522e-01,  2.22044605e-16,\n",
       "         6.85261860e-01,  7.78315688e-01,  6.98260751e-01,\n",
       "         6.40373324e-01,  6.47139279e-01,  6.52436332e-01,\n",
       "         6.48316220e-01,  6.42512551e-01,  6.52086516e-01,\n",
       "         4.34634965e-01,  6.78991734e-01,  6.43765244e-01,\n",
       "         3.41257717e-01,  7.83219298e-01,  6.83302895e-01,\n",
       "         8.78692770e-01,  6.86757110e-01,  4.36224301e-01],\n",
       "       [ 7.61502238e-01,  6.84833361e-01,  7.43389231e-01,\n",
       "         5.14489287e-01,  8.42783758e-01,  6.85261860e-01,\n",
       "         3.38618023e-14,  7.87112747e-01,  6.76008480e-01,\n",
       "         6.93549863e-01,  6.78044980e-01,  3.47394184e-01,\n",
       "         5.09175015e-01,  6.55559828e-01,  6.80482463e-01,\n",
       "         6.72629588e-01,  6.82704520e-01,  6.96784657e-01,\n",
       "         6.39028904e-01,  7.97651175e-01,  3.57285779e-01,\n",
       "         8.42306741e-01,  3.02254067e-01,  6.92883884e-01],\n",
       "       [ 8.18272821e-01,  8.07050623e-01,  7.72819116e-01,\n",
       "         7.73381180e-01,  8.79340993e-01,  7.78315688e-01,\n",
       "         7.87112747e-01, -1.13242749e-14,  8.03313957e-01,\n",
       "         7.91208059e-01,  7.55683111e-01,  7.76719031e-01,\n",
       "         7.79446769e-01,  7.92881728e-01,  7.94586021e-01,\n",
       "         7.68435718e-01,  7.98008263e-01,  7.82338445e-01,\n",
       "         7.58556307e-01,  8.35637670e-01,  7.85072620e-01,\n",
       "         9.12736518e-01,  7.94211501e-01,  7.84256428e-01],\n",
       "       [ 7.63288008e-01,  6.81083247e-01,  7.21788185e-01,\n",
       "         6.44122105e-01,  8.28561800e-01,  6.98260751e-01,\n",
       "         6.76008480e-01,  8.03313957e-01, -7.99360578e-15,\n",
       "         6.30415956e-01,  6.65068652e-01,  6.31993671e-01,\n",
       "         6.36642738e-01,  6.49056494e-01,  6.58744503e-01,\n",
       "         6.92669161e-01,  6.89192351e-01,  6.30436531e-01,\n",
       "         6.86095347e-01,  7.84215816e-01,  6.67174841e-01,\n",
       "         8.50773079e-01,  6.89678403e-01,  7.07556069e-01],\n",
       "       [ 8.19625205e-01,  6.08985783e-01,  6.52407765e-01,\n",
       "         6.46419634e-01,  7.45603379e-01,  6.40373324e-01,\n",
       "         6.93549863e-01,  7.91208059e-01,  6.30415956e-01,\n",
       "        -3.55271368e-15,  6.10692858e-01,  6.32104540e-01,\n",
       "         6.15945785e-01,  5.71507617e-01,  5.45491404e-01,\n",
       "         6.27244337e-01,  6.44386339e-01,  4.02895861e-01,\n",
       "         6.45450057e-01,  7.71388544e-01,  6.77133631e-01,\n",
       "         8.64150885e-01,  7.02254169e-01,  6.48139787e-01],\n",
       "       [ 8.06123293e-01,  6.53049832e-01,  4.83098915e-01,\n",
       "         6.44831173e-01,  8.10192611e-01,  6.47139279e-01,\n",
       "         6.78044980e-01,  7.55683111e-01,  6.65068652e-01,\n",
       "         6.10692858e-01, -1.11022302e-15,  6.34228131e-01,\n",
       "         6.21982168e-01,  6.21876549e-01,  6.20453338e-01,\n",
       "         6.46824505e-01,  6.73540226e-01,  5.91471680e-01,\n",
       "         6.35222793e-01,  7.95438648e-01,  6.68499575e-01,\n",
       "         8.78905345e-01,  6.85770742e-01,  6.53960285e-01],\n",
       "       [ 7.85873689e-01,  6.24697207e-01,  7.03013067e-01,\n",
       "         4.87393396e-01,  8.21252850e-01,  6.52436332e-01,\n",
       "         3.47394184e-01,  7.76719031e-01,  6.31993671e-01,\n",
       "         6.32104540e-01,  6.34228131e-01, -5.10702591e-15,\n",
       "         4.25267945e-01,  5.87726644e-01,  6.33948093e-01,\n",
       "         6.44920782e-01,  6.33480219e-01,  6.33871490e-01,\n",
       "         6.25685971e-01,  7.79049606e-01,  3.08764875e-01,\n",
       "         8.60195029e-01,  4.31891426e-01,  6.62234197e-01],\n",
       "       [ 7.96381669e-01,  5.99780310e-01,  6.91372980e-01,\n",
       "         4.54872416e-01,  8.13364675e-01,  6.48316220e-01,\n",
       "         5.09175015e-01,  7.79446769e-01,  6.36642738e-01,\n",
       "         6.15945785e-01,  6.21982168e-01,  4.25267945e-01,\n",
       "         8.77076189e-15,  5.70521589e-01,  6.19951518e-01,\n",
       "         6.40383232e-01,  6.20020125e-01,  6.19342432e-01,\n",
       "         6.27169602e-01,  7.81253906e-01,  4.88743510e-01,\n",
       "         8.49597206e-01,  5.19781933e-01,  6.51788822e-01],\n",
       "       [ 8.32619076e-01,  4.98792660e-01,  6.73431218e-01,\n",
       "         6.05822778e-01,  7.86082536e-01,  6.42512551e-01,\n",
       "         6.55559828e-01,  7.92881728e-01,  6.49056494e-01,\n",
       "         5.71507617e-01,  6.21876549e-01,  5.87726644e-01,\n",
       "         5.70521589e-01, -1.55431223e-15,  5.84409827e-01,\n",
       "         6.42609504e-01,  5.25221315e-01,  5.78805254e-01,\n",
       "         6.51766222e-01,  7.73615546e-01,  6.36972487e-01,\n",
       "         8.55497573e-01,  6.64226647e-01,  6.35452136e-01],\n",
       "       [ 8.15565855e-01,  6.15522303e-01,  6.68611779e-01,\n",
       "         6.37235620e-01,  7.17482801e-01,  6.52086516e-01,\n",
       "         6.80482463e-01,  7.94586021e-01,  6.58744503e-01,\n",
       "         5.45491404e-01,  6.20453338e-01,  6.33948093e-01,\n",
       "         6.19951518e-01,  5.84409827e-01, -3.77475828e-15,\n",
       "         6.57475235e-01,  6.38617763e-01,  5.75704814e-01,\n",
       "         6.48029123e-01,  7.87469893e-01,  6.66548509e-01,\n",
       "         8.66714182e-01,  6.90596838e-01,  6.48927447e-01],\n",
       "       [ 8.11338645e-01,  6.64445053e-01,  7.06507358e-01,\n",
       "         6.47750318e-01,  8.22920518e-01,  4.34634965e-01,\n",
       "         6.72629588e-01,  7.68435718e-01,  6.92669161e-01,\n",
       "         6.27244337e-01,  6.46824505e-01,  6.44920782e-01,\n",
       "         6.40383232e-01,  6.42609504e-01,  6.57475235e-01,\n",
       "         1.88737914e-15,  6.69592176e-01,  6.35590231e-01,\n",
       "         4.36000938e-01,  7.72423110e-01,  6.76540508e-01,\n",
       "         8.61410032e-01,  6.73954049e-01,  4.54372614e-01],\n",
       "       [ 8.33685679e-01,  5.28367943e-01,  7.21959445e-01,\n",
       "         6.27485325e-01,  8.15288091e-01,  6.78991734e-01,\n",
       "         6.82704520e-01,  7.98008263e-01,  6.89192351e-01,\n",
       "         6.44386339e-01,  6.73540226e-01,  6.33480219e-01,\n",
       "         6.20020125e-01,  5.25221315e-01,  6.38617763e-01,\n",
       "         6.69592176e-01,  4.44089210e-16,  6.48417937e-01,\n",
       "         6.79470765e-01,  7.75368379e-01,  6.64751853e-01,\n",
       "         8.32704382e-01,  6.90441393e-01,  6.59199941e-01],\n",
       "       [ 8.15165846e-01,  6.17124730e-01,  6.39179902e-01,\n",
       "         6.54176649e-01,  7.66443763e-01,  6.43765244e-01,\n",
       "         6.96784657e-01,  7.82338445e-01,  6.30436531e-01,\n",
       "         4.02895861e-01,  5.91471680e-01,  6.33871490e-01,\n",
       "         6.19342432e-01,  5.78805254e-01,  5.75704814e-01,\n",
       "         6.35590231e-01,  6.48417937e-01,  1.05471187e-14,\n",
       "         6.49368224e-01,  7.81753785e-01,  6.79454210e-01,\n",
       "         8.69617517e-01,  7.05989836e-01,  6.51953903e-01],\n",
       "       [ 7.84507515e-01,  6.80564909e-01,  7.02703624e-01,\n",
       "         6.31206157e-01,  8.17497077e-01,  3.41257717e-01,\n",
       "         6.39028904e-01,  7.58556307e-01,  6.86095347e-01,\n",
       "         6.45450057e-01,  6.35222793e-01,  6.25685971e-01,\n",
       "         6.27169602e-01,  6.51766222e-01,  6.48029123e-01,\n",
       "         4.36000938e-01,  6.79470765e-01,  6.49368224e-01,\n",
       "         1.11022302e-16,  7.73792254e-01,  6.49101254e-01,\n",
       "         8.62983096e-01,  6.43823431e-01,  4.95650604e-01],\n",
       "       [ 8.69405046e-01,  7.83922553e-01,  8.34156786e-01,\n",
       "         7.80977029e-01,  8.85708227e-01,  7.83219298e-01,\n",
       "         7.97651175e-01,  8.35637670e-01,  7.84215816e-01,\n",
       "         7.71388544e-01,  7.95438648e-01,  7.79049606e-01,\n",
       "         7.81253906e-01,  7.73615546e-01,  7.87469893e-01,\n",
       "         7.72423110e-01,  7.75368379e-01,  7.81753785e-01,\n",
       "         7.73792254e-01, -2.22044605e-16,  7.90425305e-01,\n",
       "         8.83887252e-01,  8.04084357e-01,  7.92827020e-01],\n",
       "       [ 7.78278585e-01,  6.67235156e-01,  7.31881265e-01,\n",
       "         5.14250721e-01,  8.36913694e-01,  6.83302895e-01,\n",
       "         3.57285779e-01,  7.85072620e-01,  6.67174841e-01,\n",
       "         6.77133631e-01,  6.68499575e-01,  3.08764875e-01,\n",
       "         4.88743510e-01,  6.36972487e-01,  6.66548509e-01,\n",
       "         6.76540508e-01,  6.64751853e-01,  6.79454210e-01,\n",
       "         6.49101254e-01,  7.90425305e-01, -2.22044605e-16,\n",
       "         8.48576571e-01,  4.94820857e-01,  6.88459278e-01],\n",
       "       [ 8.53684536e-01,  8.06135919e-01,  8.99666153e-01,\n",
       "         8.20702865e-01,  9.29626170e-01,  8.78692770e-01,\n",
       "         8.42306741e-01,  9.12736518e-01,  8.50773079e-01,\n",
       "         8.64150885e-01,  8.78905345e-01,  8.60195029e-01,\n",
       "         8.49597206e-01,  8.55497573e-01,  8.66714182e-01,\n",
       "         8.61410032e-01,  8.32704382e-01,  8.69617517e-01,\n",
       "         8.62983096e-01,  8.83887252e-01,  8.48576571e-01,\n",
       "        -1.48991930e-13,  8.50985063e-01,  8.74334565e-01],\n",
       "       [ 7.86155848e-01,  6.88649332e-01,  7.52034447e-01,\n",
       "         5.33411418e-01,  8.49048244e-01,  6.86757110e-01,\n",
       "         3.02254067e-01,  7.94211501e-01,  6.89678403e-01,\n",
       "         7.02254169e-01,  6.85770742e-01,  4.31891426e-01,\n",
       "         5.19781933e-01,  6.64226647e-01,  6.90596838e-01,\n",
       "         6.73954049e-01,  6.90441393e-01,  7.05989836e-01,\n",
       "         6.43823431e-01,  8.04084357e-01,  4.94820857e-01,\n",
       "         8.50985063e-01, -6.43929354e-14,  6.95663626e-01],\n",
       "       [ 8.27060906e-01,  6.65707955e-01,  6.97665896e-01,\n",
       "         6.59419357e-01,  8.13562071e-01,  4.36224301e-01,\n",
       "         6.92883884e-01,  7.84256428e-01,  7.07556069e-01,\n",
       "         6.48139787e-01,  6.53960285e-01,  6.62234197e-01,\n",
       "         6.51788822e-01,  6.35452136e-01,  6.48927447e-01,\n",
       "         4.54372614e-01,  6.59199941e-01,  6.51953903e-01,\n",
       "         4.95650604e-01,  7.92827020e-01,  6.88459278e-01,\n",
       "         8.74334565e-01,  6.95663626e-01,  2.12052598e-14]])"
      ]
     },
     "execution_count": 23,
     "metadata": {},
     "output_type": "execute_result"
    }
   ],
   "source": [
    "tf_vec"
   ]
  },
  {
   "cell_type": "markdown",
   "metadata": {},
   "source": [
    "### The vectors processed by tf-idf and doc2vec"
   ]
  },
  {
   "cell_type": "code",
   "execution_count": 24,
   "metadata": {},
   "outputs": [],
   "source": [
    "# TF-IDF tf_vec"
   ]
  },
  {
   "cell_type": "code",
   "execution_count": 116,
   "metadata": {},
   "outputs": [],
   "source": [
    "for i in range(len(tf_vec_lemma)):\n",
    "    tf_vec_lemma[i] = np.clip(tf_vec_lemma[i], 0.00001, 1.0)"
   ]
  },
  {
   "cell_type": "code",
   "execution_count": 105,
   "metadata": {},
   "outputs": [],
   "source": [
    "for i in range(len(tf_vec)):\n",
    "    tf_vec[i] = np.clip(tf_vec[i], 0.00001, 1.0)"
   ]
  },
  {
   "cell_type": "code",
   "execution_count": 222,
   "metadata": {},
   "outputs": [
    {
     "data": {
      "text/plain": [
       "numpy.ndarray"
      ]
     },
     "execution_count": 222,
     "metadata": {},
     "output_type": "execute_result"
    }
   ],
   "source": [
    "doc_vec = load('doc2vec_lemma_300.pkl')\n",
    "doc_vec = np.array(doc_vec)\n",
